7189
78
2753
1516
4535
9877
4422
8108
5382
5440
8782
1134
1545
9790
6853
2029
2205
4177
6530
1553
2634
5194
2319
1576
4641
4653
8476
8759
3768
2549
3308
3361
9173
170
8768
4036
4857
986
2233
3564
9629
960
3244
2270
6900
1115
1718
7314
7519
58
1649
8575
967
7102
6596
6704
6404
7486
533
5012
4009
5794
2622
5536
3745
8119
7027
7665
8066
7909
8496
3007
6282
2698
9606
8661
8596
5366
4359
3685
9169
4945
637
4778
1856
8328
8736
6531
245
1562
3929
7798
7216
1172
7318
2262
7637
8621
3853
3815
4546
7246
4413
8250
9289
7569
4319
4948
8258
7251
4752
2292
2954
2148
2038
6213
8908
182
8151
3499
9244
3846
7678
62
7154
4390
5204
4493
2974
7881
4540
6513
5095
1256
1023
699
9447
299
7047
1805
1656
6068
9427
2598
9863
8787
7611
5389
7455
9530
8978
8305
1188
4310
9512
8055
5790
4259
4189
3958
9984
3150
66
4097
5292
7461
4059
9357
2572
3113
9845
1113
2749
2780
134
5200
3504
3961
3942
2182
5130
6242
4233
5972
156
358
8802
8170
3959
7006
9975
3012
5157
5495
9302
6099
228
8550
101
1999
735
9162
1847
7817
9359
8112
7505
7843
4663
7781
4496
7570
6178
1020
5579
7039
4888
4281
605
6998
1518
3408
9494
5611
7671
6072
9030
7939
730
1450
2487
5541
7487
2908
1287
4180
2650
8945
9649
4595
1347
6812
3766
1436
2912
9080
4411
1493
1352
1118
6619
3511
5628
2446
5159
6801
5444
2032
1418
5678
654
1193
6535
9475
1526
6835
9490
6690
3120
1897
7960
3775
910
3831
96
8390
6125
7767
4167
33
4914
4530
9953
5186
5732
3710
4481
8774
6920
4744
9965
8927
5446
6501
432
3622
9438
6118
6782
9388
3778
2171
4867
4321
7499
7804
8810
2694
2581
1163
8083
2983
4382
5729
5024
6409
3420
51
9901
8217
6419
6914
6845
2117
9085
6349
2288
6464
6982
6342
1212
8654
2633
8549
6386
4937
280
9120
3708
148
2034
8402
6612
39
6972
8917
3723
345
5629
1826
2089
1514
7382
6766
3524
1719
1024
8921
4054
8757
2247
5121
984
9081
1137
9051
3828
1998
6736
1330
5064
2514
4986
9548
451
4926
3621
9958
2463
5299
1452
6605
6474
3890
5905
2206
5485
976
738
9428
5593
1182
5134
4878
4032
6249
5479
3063
5364
4758
5616
8241
4030
2992
5893
5196
2360
3133
9082
7506
8597
2614
6694
5721
9423
8103
6695
1101
628
3927
347
8408
9872
4044
9921
7902
6021
1548
6343
2088
9934
9404
3165
5050
5123
1070
7768
4332
5989
644
6052
961
1031
8369
8143
2952
958
3907
2979
5990
6590
6038
9610
3385
5199
4099
7616
516
3786
7947
5918
8733
5696
1571
6180
4291
7182
8876
720
8013
6696
4060
772
7818
5841
3593
1559
1028
8588
4844
5736
8530
880
1264
1608
7893
1687
1147
231
7623
7639
1242
6783
5320
5390
498
2122
2746
6959
4223
1298
3191
8420
8125
7701
5398
6699
4120
7835
4497
1490
7359
6542
3986
9793
9396
6814
189
1928
3315
642
2937
3719
8080
232
6347
8986
9923
7692
6482
8275
5787
3632
1819
227
5466
4190
4212
1143
1497
1963
5010
176
2331
1859
4458
1736
6259
1272
959
8067
2916
463
7882
3209
9131
2131
3601
6518
1025
5156
2980
8674
3954
8487
1799
663
2346
3046
7062
5854
9078
2258
5960
3641
419
2146
5334
3583
6645
3474
7650
501
2512
1349
1431
8508
2491
7389
3892
3527
5140
8006
2667
8100
5138
8564
5122
2695
6687
334
1051
6963
5576
5224
70
2412
8433
6732
5870
7760
4618
2722
4669
6537
926
6588
5465
6236
3979
7731
9189
7555
510
2316
8153
1540
484
5901
966
7930
1746
6251
4519
8942
7004
8614
2384
5532
1504
1446
3246
3193
3715
1670
472
2742
3364
2956
5149
4183
1341
4872
7556
2207
8437
1174
3413
672
3171
833
9459
6730
3219
5342
698
8956
2649
163
4077
2619
2060
4536
3823
5237
2565
4209
5737
9325
4025
3262
4304
2733
8892
5892
3675
6638
6357
92
8624
1564
500
8126
2052
6786
3342
2056
5961
9666
2507
1018
8089
9734
9554
6939
3105
5070
5128
9744
9568
711
6496
9507
5649
9282
249
1198
6283
2810
5431
5261
1956
3003
2237
6308
7921
3097
6889
601
9727
2639
3793
5584
9150
2162
8037
1413
379
1048
294
2944
5038
9643
5589
4292
5026
5971
9057
634
3121
8035
6752
9184
9353
3531
9268
521
4786
272
3443
8843
9142
4862
8848
2833
981
6720
3619
1389
4084
8304
6945
6411
968
9139
2844
5765
9680
2884
1862
6049
4787
5505
1206
1658
2868
7124
1439
7829
4795
4975
4255
9332
9367
515
924
235
9320
3517
848
5513
2892
2711
2690
1598
1150
2994
6735
6516
8489
5150
5475
4959
2470
466
9983
418
4061
5362
2286
5470
6828
3776
7670
6886
7437
2771
7150
6875
4370
108
6698
609
847
8049
7178
2461
7719
7755
5812
3503
8195
7771
3069
3350
4904
6544
3631
481
5428
1007
6248
9035
8572
2982
1690
1032
8726
8284
2661
9290
8193
5080
5009
2811
8278
1952
9258
8642
3629
7586
5145
491
3392
7055
8453
4678
9400
610
3750
7426
6614
5623
9706
8457
4817
7806
8480
7333
3518
3140
3163
5916
5340
9935
8830
6751
7875
4722
1623
9070
8101
7051
7936
3312
8116
7494
812
6415
3835
4367
8109
4300
2827
4757
2506
3951
5673
5911
6303
6556
2160
9354
3704
6340
3239
1399
5874
2080
7380
8973
2227
1797
9425
9540
4184
2599
7879
784
842
6533
2241
1978
1386
4686
874
6923
3377
5559
5857
7677
9355
1895
1748
765
5757
5760
448
3802
964
3288
2308
7358
8881
2836
3916
7293
5227
5113
4905
1738
3045
6428
5910
4854
6296
877
7370
6026
9905
3703
7758
1853
3941
5843
1810
3124
9955
792
305
5099
6062
4140
3781
4341
4117
1811
8962
2515
681
